NAME	= Analytical Hillshading
DESCRIPTION	= 
UNIT	= radians
DATAFORMAT	= FLOAT
DATAFILE_OFFSET	= 0
BYTEORDER_BIG	= FALSE
TOPTOBOTTOM	= FALSE
POSITION_XMIN	= 589995.0000000000000000
POSITION_YMIN	= 4913715.0000000000000000
CELLCOUNT_X	= 634
CELLCOUNT_Y	= 477
CELLSIZE	= 30.0000000000000000
Z_FACTOR	= 1.000000
Z_OFFSET	= 0.000000
NODATA_VALUE	= -99999.000000;-99999.000000
